	A	Eb	Ebuo	Es	R0	V	asph	b	c	dimA	dimEbuo	dimEs	entropy	geo	ico	r0	sFace	sVert	tag
0	50.266509183800146	50.87858662017699	134.05610268135874	0.03515023982545608	2.0	33.513554447184184	8.829999682086838e-09	1.7	0.0	4.835763636404541	1.2406785312462383	0.0033815407976175845	40.33133403634219	<geo_obj.Geo instance at 0x7f1542808878>	12	0.04	0.50998362	0.19722488	_i12_R2.0_b1.7
1	3.141656823699989	50.878586596750274	0.5236566494580142	0.002997327056900089	0.5	0.5236492881894261	8.829999682086838e-09	0.2	0.0	4.835763636256422	1.2406785275092678	0.004613605495795255	4.190345083338705	<geo_obj.Geo instance at 0x7f1542808d40>	12	0.04	0.23999229	0.64721041	_i12_R0.5_b0.2
2	51.435704058599775	98.36971119106072	127.99233280291708	0.017275866139336845	2.0	33.49054788633787	0.0011782407348540221	0.6	0.0	4.950508994959102	1.1856439368889933	0.0016627424915008472	14.248384600727311	<geo_obj.Geo instance at 0x7f14ca230950>	5	0.04	0.18003543	0.74713852	_i5_R2.0_b0.6
3	3.2147314970999936	98.36971098140731	0.499970047024628	0.0011858073339419053	0.5	0.5232898096642215	0.0011782407348540221	0.02	0.0	4.950508991537333	1.1856439330077642	0.0018260778152719604	0.4194943788719539	<geo_obj.Geo instance at 0x7f1541b2ce18>	5	0.04	0.02400472	1.00718968	_i5_R0.5_b0.02
4	0.8200763487000023	215.57286121753677	0.03084383330541549	2.64821052234663e-05	0.25	0.06536196742095314	0.0019812868342457975	0.005	0.0	5.054026826041281	1.1714799476200881	0.00016320586543144898	0.09804308635092428	<geo_obj.Geo instance at 0x7f154c9ae6c8>	1	0.04	0.01200538	1.02718859	_i1_R0.25_b0.005
5	0.8200763487000023	215.57286121753677	0.03084383330541549	2.670075892183358e-05	0.25	0.06536196742095314	0.0019812868342457975	0.004	0.0	5.054026826041281	1.1714799476200881	0.0001645534005224355	0.07843446908073942	<geo_obj.Geo instance at 0x7f14e176cd40>	1	0.04	0.0096043	1.03119038	_i1_R0.25_b0.004
6	3.141656823699989	50.878586596750274	0.5236566494580142	0.004013338723065084	0.5	0.5236492881894261	8.829999682086838e-09	0.5	0.0	4.835763636256422	1.2406785275092678	0.006177491223920909	10.47586270834676	<geo_obj.Geo instance at 0x7f154d20b2d8>	12	0.04	0.59998073	0.04722971	_i12_R0.5_b0.5
7	50.266509183800146	50.87858662017699	134.05610268135874	0.18507873896388644	2.0	33.513554447184184	8.829999682086838e-09	0.0	0.0	4.835763636404541	1.2406785312462383	0.017805036599629422	0.0	<geo_obj.Geo instance at 0x7f154ffa29e0>	12	0.04	0.0	1.04719755	_i12_R2.0_b0.0
8	0.8036828693999982	98.36970874887902	0.031248128114397075	0.0003060239134494745	0.25	0.06541122578623036	0.0011782407348540221	0.08	0.0	4.950508982790295	1.1856439498553428	0.0018850397217142257	1.5670739661129582	<geo_obj.Geo instance at 0x7f1448822998>	5	0.04	0.19203779	0.72713458	_i5_R0.25_b0.08
9	0.7854142032999979	50.878586425380966	0.03272854015590382	0.0020143703959248694	0.25	0.06545616080489232	8.829999682086838e-09	0.3	0.0	4.835763630870037	1.2406785165400611	0.012402397434101492	5.8696293156694335	<geo_obj.Geo instance at 0x7f15981fb998>	12	0.04	0.71997688	-0.15276386	_i12_R0.25_b0.3
10	3.141656823699989	50.878586596750274	0.5236566494580142	0.001484887062546895	0.5	0.5236492881894261	8.829999682086838e-09	0.3	0.0	4.835763636256422	1.2406785275092678	0.0022855974614551327	6.2855176250080556	<geo_obj.Geo instance at 0x7f150cc1e488>	12	0.04	0.35998844	0.44721684	_i12_R0.5_b0.3
11	7.380687137200021	215.57286278071027	2.4983504961272858	0.0003811719194344186	0.75	1.7647731197494163	0.001981286834245848	0.05	0.0	5.054026826464733	1.1714799474100093	0.0002610127038994686	1.090292092368602	<geo_obj.Geo instance at 0x7f151d0738c0>	1	0.04	0.04001792	0.98050102	_i1_R0.75_b0.05
12	3.2147314970999936	98.36971098140731	0.499970047024628	0.0015302786708149497	0.5	0.5232898096642215	0.0011782407348540221	0.0	0.0	4.950508991537333	1.1856439330077642	0.00235654465272176	0.0	<geo_obj.Geo instance at 0x7f15765695f0>	5	0.04	0.0	1.04719755	_i5_R0.5_b0.0
13	7.233145884599964	98.36971116294048	2.531098376484238	0.001996713250970294	0.75	1.7661031114913461	0.001178240734854015	0.2	0.0	4.950508995333077	1.1856439358268709	0.0013665902869558779	4.357129832408668	<geo_obj.Geo instance at 0x7f15d8db6290>	5	0.04	0.16003149	0.78047841	_i5_R0.75_b0.2
14	0.8200763487000023	215.57286121753677	0.03084383330541549	3.007437731812036e-05	0.25	0.06536196742095314	0.0019812868342457975	0.0	0.0	5.054026826041281	1.1714799476200881	0.00018534458405393016	0.0	<geo_obj.Geo instance at 0x7f1567471b48>	1	0.04	0.0	1.04719755	_i1_R0.25_b0.0
15	7.068727860199967	50.87858665938653	2.6510117998938076	0.0040128641273652526	0.75	1.7673163493580553	8.829999682086828e-09	0.4	0.0	4.835763637824415	1.2406785315224207	0.002745226979228188	8.705062253552978	<geo_obj.Geo instance at 0x7f14fccd0368>	12	0.04	0.31998972	0.51388137	_i12_R0.75_b0.4
16	50.266509183800146	50.87858662017699	134.05610268135874	0.052672415287164806	2.0	33.513554447184184	8.829999682086838e-09	1.9	0.0	4.835763636404541	1.2406785312462383	0.005067217808101907	45.07619686414716	<geo_obj.Geo instance at 0x7f1546058ea8>	12	0.04	0.56998169	0.0972281	_i12_R2.0_b1.9
17	3.141656823699989	50.878586596750274	0.5236566494580142	0.013957072621412837	0.5	0.5236492881894261	8.829999682086838e-09	0.7	0.0	4.835763636256422	1.2406785275092678	0.02148328351526644	14.666207791685464	<geo_obj.Geo instance at 0x7f1541db11b8>	12	0.04	0.83997302	-0.35275743	_i12_R0.5_b0.7
18	7.068727860199967	50.87858665938653	2.6510117998938076	0.003136597207099279	0.75	1.7673163493580553	8.829999682086828e-09	0.49	0.0	4.835763637824415	1.2406785315224207	0.0021457669640946152	10.663701260602396	<geo_obj.Geo instance at 0x7f15981fee18>	12	0.04	0.39198741	0.39388523	_i12_R0.75_b0.49
19	0.8200763487000023	215.57286121753677	0.03084383330541549	5.3105459674753286e-05	0.25	0.06536196742095314	0.0019812868342457975	0.02	0.0	5.054026826041281	1.1714799476200881	0.0003272822319908661	0.3921723454036971	<geo_obj.Geo instance at 0x7f153dc1ad88>	1	0.04	0.0480215	0.96716171	_i1_R0.25_b0.02
20	12.566627304599944	50.878586650003555	8.378506418389128	0.03492901100321145	1.0	4.189194308781637	8.829999682086838e-09	0.1	0.0	4.835763637513993	1.2406785302266363	0.013441032124970245	2.233801977859325	<geo_obj.Geo instance at 0x7f15362066c8>	12	0.04	0.05999807	0.94720077	_i12_R1.0_b0.1
21	13.12122158500002	215.57286260104635	7.896021319786214	0.00042871118758393273	1.0	4.183165915855777	0.0019812868342457975	0.015	0.0	5.0540268275385065	1.171479946328968	0.0001651308019820386	0.335718089893	<geo_obj.Geo instance at 0x7f15386f9ea8>	1	0.04	0.00900403	1.03219083	_i1_R1.0_b0.015
22	12.566627304599944	50.878586650003555	8.378506418389128	0.04626968480808827	1.0	4.189194308781637	8.829999682086838e-09	0.0	0.0	4.835763637513993	1.2406785302266363	0.017805036617285903	0.0	<geo_obj.Geo instance at 0x7f15b824be60>	12	0.04	0.0	1.04719755	_i12_R1.0_b0.0
23	3.280305394899997	215.5728634660135	0.493501332922512	0.00012029751323617237	0.5	0.5228957392905709	0.0019812868342457975	0.0	0.0	5.054026826691843	1.1714799479353966	0.00018534459017907	0.0	<geo_obj.Geo instance at 0x7f156c1b0a70>	1	0.04	0.0	1.04719755	_i1_R0.5_b0.0
24	0.7854142032999979	50.878586425380966	0.03272854015590382	0.00034823899102599007	0.25	0.06545616080489232	8.829999682086838e-09	0.164	0.0	4.835763630870037	1.2406785165400611	0.0021440934484999842	3.208730692565957	<geo_obj.Geo instance at 0x7f15051bab90>	12	0.04	0.39358736	0.39121865	_i12_R0.25_b0.164
25	12.566627304599944	50.878586650003555	8.378506418389128	0.01918806742882496	1.0	4.189194308781637	8.829999682086838e-09	1.047	0.0	4.835763637513993	1.2406785302266363	0.007383759898132213	23.387906708187135	<geo_obj.Geo instance at 0x7f153ffdd638>	12	0.04	0.62817982	0.00023122	_i12_R1.0_b1.047
26	51.435704058599775	98.36971119106072	127.99233280291708	0.010724814024330915	2.0	33.49054788633787	0.0011782407348540221	0.35	0.0	4.950508994959102	1.1856439368889933	0.0010322263351586574	8.311557683757599	<geo_obj.Geo instance at 0x7f15986c1098>	5	0.04	0.10502067	0.87216312	_i5_R2.0_b0.35
27	0.8036828693999982	98.36970874887902	0.031248128114397075	0.0005045965455616155	0.25	0.06541122578623036	0.0011782407348540221	0.1	0.0	4.950508982790295	1.1856439498553428	0.0031082032809193224	1.9588424576411978	<geo_obj.Geo instance at 0x7f15b8217200>	5	0.04	0.24004723	0.64711884	_i5_R0.25_b0.1
28	7.380687137200021	215.57286278071027	2.4983504961272858	0.00027066940420032335	0.75	1.7647731197494163	0.001981286834245848	0.0	0.0	5.054026826464733	1.1714799474100093	0.0001853445898061222	0.0	<geo_obj.Geo instance at 0x7f157485c5f0>	1	0.04	0.0	1.04719755	_i1_R0.75_b0.0
29	13.12122158500002	215.57286260104635	7.896021319786214	0.0006081743128618617	1.0	4.183165915855777	0.0019812868342457975	0.06	0.0	5.0540268275385065	1.171479946328968	0.00023425633605162846	1.342872359572	<geo_obj.Geo instance at 0x7f153c617b00>	1	0.04	0.03601613	0.98717067	_i1_R1.0_b0.06
30	0.8036828693999982	98.36970874887902	0.031248128114397075	0.00016959461184493175	0.25	0.06541122578623036	0.0011782407348540221	0.04	0.0	4.950508982790295	1.1856439498553428	0.0010446653541314984	0.7835369830564791	<geo_obj.Geo instance at 0x7f14de28b7e8>	5	0.04	0.09601889	0.88716607	_i5_R0.25_b0.04
31	3.141656823699989	50.878586596750274	0.5236566494580142	0.010377971351837953	0.5	0.5236492881894261	8.829999682086838e-09	0.02	0.0	4.835763636256422	1.2406785275092678	0.015974187919807408	0.4190345083338704	<geo_obj.Geo instance at 0x7f14fb54bb00>	12	0.04	0.02399923	1.00719884	_i12_R0.5_b0.02
32	51.435704058599775	98.36971119106072	127.99233280291708	0.02370106663326417	2.0	33.49054788633787	0.0011782407348540221	0.7	0.0	4.950508994959102	1.1856439368889933	0.0022811458636674766	16.623115367515197	<geo_obj.Geo instance at 0x7f1565504a70>	5	0.04	0.21004133	0.69712868	_i5_R2.0_b0.7
33	12.858926022399974	98.36971128548124	7.999520807875845	0.004743229320117797	1.0	4.186318488389134	0.0011782407348540221	0.04	0.0	4.950508995895457	1.1856439370486302	0.0018260778060262691	0.8944405322944664	<geo_obj.Geo instance at 0x7f156c00a560>	5	0.04	0.02400472	1.00718968	_i5_R1.0_b0.04
34	52.48488631989996	215.57286268356538	126.33634101717469	0.0019247601993853656	2.0	33.46532731463079	0.0019812868342457975	0.0	0.0	5.054026826832838	1.1714799459773644	0.00018534458898552308	0.0	<geo_obj.Geo instance at 0x7f14fb4d9950>	1	0.04	0.0	1.04719755	_i1_R2.0_b0.0
35	12.858926022399974	98.36971128548124	7.999520807875845	0.008073544781063239	1.0	4.186318488389134	0.0011782407348540221	0.4	0.0	4.950508995895457	1.1856439370486302	0.003108203282124394	8.944405322944665	<geo_obj.Geo instance at 0x7f151e56c290>	5	0.04	0.24004723	0.64711884	_i5_R1.0_b0.4
36	12.566627304599944	50.878586650003555	8.378506418389128	0.005573300452363278	1.0	4.189194308781637	8.829999682086838e-09	0.655	0.0	4.835763637513993	1.2406785302266363	0.0021446616514689907	14.631402954978581	<geo_obj.Geo instance at 0x7f1519d67200>	12	0.04	0.39298738	0.39221861	_i12_R1.0_b0.655
37	50.266509183800146	50.87858662017699	134.05610268135874	0.023758193088067862	2.0	33.513554447184184	8.829999682086838e-09	1.2	0.0	4.835763636404541	1.2406785312462383	0.002285597469716131	28.46917696682978	<geo_obj.Geo instance at 0x7f151c4e5ea8>	12	0.04	0.35998844	0.44721684	_i12_R2.0_b1.2
38	13.12122158500002	215.57286260104635	7.896021319786214	0.0004237136947343416	1.0	4.183165915855777	0.0019812868342457975	0.02	0.0	5.0540268275385065	1.171479946328968	0.00016320586970582893	0.44762411985733336	<geo_obj.Geo instance at 0x7f15185bd5a8>	1	0.04	0.01200538	1.02718859	_i1_R1.0_b0.02
39	3.2147314970999936	98.36971098140731	0.499970047024628	0.0009290898590082545	0.5	0.5232898096642215	0.0011782407348540221	0.04	0.0	4.950508991537333	1.1856439330077642	0.0014307470795354737	0.8389887577439078	<geo_obj.Geo instance at 0x7f157e4e9710>	5	0.04	0.04800945	0.96718181	_i5_R0.5_b0.04
40	12.566627304599944	50.878586650003555	8.378506418389128	0.005939548278034084	1.0	4.189194308781637	8.829999682086838e-09	0.6	0.0	4.835763637513993	1.2406785302266363	0.0022855974709827236	13.402811867155952	<geo_obj.Geo instance at 0x7f15b8189560>	12	0.04	0.35998844	0.44721684	_i12_R1.0_b0.6
41	7.068727860199967	50.87858665938653	2.6510117998938076	0.0035542337068042995	0.75	1.7673163493580553	8.829999682086828e-09	0.43	0.0	4.835763637824415	1.2406785315224207	0.0024314748650131083	9.35794192256945	<geo_obj.Geo instance at 0x7f1546c5ab90>	12	0.04	0.34398895	0.47388265	_i12_R0.75_b0.43
42	7.380687137200021	215.57286278071027	2.4983504961272858	0.0002536430114416261	0.75	1.7647731197494163	0.001981286834245848	0.005	0.0	5.054026826464733	1.1714799474100093	0.0001736855336558264	0.10902920923686019	<geo_obj.Geo instance at 0x7f15840d1908>	1	0.04	0.00400179	1.0405279	_i1_R0.75_b0.005
43	0.7854142032999979	50.878586425380966	0.03272854015590382	0.0015896781303473876	0.25	0.06545616080489232	8.829999682086838e-09	0.05	0.0	4.835763630870037	1.2406785165400611	0.009787584252009155	0.9782715526115724	<geo_obj.Geo instance at 0x7f14ee7c34d0>	12	0.04	0.11999615	0.84720398	_i12_R0.25_b0.05
44	12.858926022399974	98.36971128548124	7.999520807875845	0.0026812035105783214	1.0	4.186318488389134	0.0011782407348540221	0.175	0.0	4.950508995895457	1.1856439370486302	0.0010322263364625176	3.91317732878829	<geo_obj.Geo instance at 0x7f152df46b90>	5	0.04	0.10502067	0.87216312	_i5_R1.0_b0.175
45	12.566627304599944	50.878586650003555	8.378506418389128	0.006758278710306939	1.0	4.189194308781637	8.829999682086838e-09	0.55	0.0	4.835763637513993	1.2406785302266363	0.0026006531145810617	12.28591087822629	<geo_obj.Geo instance at 0x7f15b8299680>	12	0.04	0.3299894	0.49721524	_i12_R1.0_b0.55
46	52.48488631989996	215.57286268356538	126.33634101717469	0.002531716169617673	2.0	33.46532731463079	0.0019812868342457975	0.125	0.0	5.054026826832838	1.1714799459773644	0.00024379135283222967	2.9709375442004484	<geo_obj.Geo instance at 0x7f15b82c8560>	1	0.04	0.0375168	0.98466955	_i1_R2.0_b0.125
47	51.435704058599775	98.36971119106072	127.99233280291708	0.05596753113685731	2.0	33.49054788633787	0.0011782407348540221	1.0	0.0	4.950508994959102	1.1856439368889933	0.005386681710490585	23.747307667878854	<geo_obj.Geo instance at 0x7f15b8254758>	5	0.04	0.30005904	0.54709917	_i5_R2.0_b1.0
48	0.7854142032999979	50.878586425380966	0.03272854015590382	0.0003663980441745105	0.25	0.06545616080489232	8.829999682086838e-09	0.18	0.0	4.835763630870037	1.2406785165400611	0.0022558980076965154	3.52177758940166	<geo_obj.Geo instance at 0x7f1511e4c7e8>	12	0.04	0.43198613	0.3272207	_i12_R0.25_b0.18
49	3.2147314970999936	98.36971098140731	0.499970047024628	0.0014359265459971409	0.5	0.5232898096642215	0.0011782407348540221	0.005	0.0	4.950508991537333	1.1856439330077642	0.0022112475905246283	0.10487359471798847	<geo_obj.Geo instance at 0x7f152c46c5f0>	5	0.04	0.00600118	1.03719558	_i5_R0.5_b0.005
50	50.266509183800146	50.87858662017699	134.05610268135874	0.11980426270323384	2.0	33.513554447184184	8.829999682086838e-09	0.3	0.0	4.835763636404541	1.2406785312462383	0.01152546907421345	7.117294241707445	<geo_obj.Geo instance at 0x7f1487fd0b48>	12	0.04	0.08999711	0.89720237	_i12_R2.0_b0.3
51	3.2147314970999936	98.36971098140731	0.499970047024628	0.0006841161246419529	0.5	0.5232898096642215	0.0011782407348540221	0.1	0.0	4.950508991537333	1.1856439330077642	0.001053501055796051	2.0974718943597694	<geo_obj.Geo instance at 0x7f15542740e0>	5	0.04	0.12002362	0.8471582	_i5_R0.5_b0.1
52	52.48488631989996	215.57286268356538	126.33634101717469	0.0017846444898400114	2.0	33.46532731463079	0.0019812868342457975	0.07	0.0	5.054026826832838	1.1714799459773644	0.00017185216088752336	1.6637250247522513	<geo_obj.Geo instance at 0x7f15d890da28>	1	0.04	0.02100941	1.01218187	_i1_R2.0_b0.07
53	7.380687137200021	215.57286278071027	2.4983504961272858	0.00030923988413967884	0.75	1.7647731197494163	0.001981286834245848	0.04	0.0	5.054026826464733	1.1714799474100093	0.00021175625537322204	0.8722336738948815	<geo_obj.Geo instance at 0x7f1546bf2290>	1	0.04	0.03201434	0.99384033	_i1_R0.75_b0.04
54	7.068727860199967	50.87858665938653	2.6510117998938076	0.0031352815051687386	0.75	1.7673163493580553	8.829999682086828e-09	0.491	0.0	4.835763637824415	1.2406785315224207	0.0021448668836728255	10.685463916236278	<geo_obj.Geo instance at 0x7f15171f27e8>	12	0.04	0.39278739	0.39255194	_i12_R0.75_b0.491
55	0.8200763487000023	215.57286121753677	0.03084383330541549	2.732384645793468e-05	0.25	0.06536196742095314	0.0019812868342457975	0.008	0.0	5.054026826041281	1.1714799476200881	0.0001683934102086299	0.15686893816147884	<geo_obj.Geo instance at 0x7f15d88f1ef0>	1	0.04	0.0192086	1.01518322	_i1_R0.25_b0.008
56	0.7854142032999979	50.878586425380966	0.03272854015590382	0.002891855310289625	0.25	0.06545616080489232	8.829999682086838e-09	0.0	0.0	4.835763630870037	1.2406785165400611	0.017805036726456402	0.0	<geo_obj.Geo instance at 0x7f1564d09cf8>	12	0.04	0.0	1.04719755	_i12_R0.25_b0.0
57	13.12122158500002	215.57286260104635	7.896021319786214	0.0004324419788647986	1.0	4.183165915855777	0.0019812868342457975	0.03	0.0	5.0540268275385065	1.171479946328968	0.0001665678266599084	0.671436179786	<geo_obj.Geo instance at 0x7f1537f30518>	1	0.04	0.01800806	1.01718411	_i1_R1.0_b0.03
58	7.380687137200021	215.57286278071027	2.4983504961272858	0.00024030683791467924	0.75	1.7647731197494163	0.001981286834245848	0.012	0.0	5.054026826464733	1.1714799474100093	0.00016455340577739856	0.2616701021684644	<geo_obj.Geo instance at 0x7f15374287a0>	1	0.04	0.0096043	1.03119038	_i1_R0.75_b0.012
59	3.2147314970999936	98.36971098140731	0.499970047024628	0.0013470653521092646	0.5	0.5232898096642215	0.0011782407348540221	0.01	0.0	4.950508991537333	1.1856439330077642	0.0020744062587563254	0.20974718943597695	<geo_obj.Geo instance at 0x7f153742e248>	5	0.04	0.01200236	1.02719362	_i5_R0.5_b0.01
60	3.280305394899997	215.5728634660135	0.493501332922512	0.00015204357897994128	0.5	0.5228957392905709	0.0019812868342457975	0.03	0.0	5.054026826691843	1.1714799479353966	0.00023425633728663538	0.6298473489400568	<geo_obj.Geo instance at 0x7f15b829c9e0>	1	0.04	0.03601613	0.98717067	_i1_R0.5_b0.03
61	13.12122158500002	215.57286260104635	7.896021319786214	0.0004574460421465087	1.0	4.183165915855777	0.0019812868342457975	0.005	0.0	5.0540268275385065	1.171479946328968	0.0001761988816500702	0.11190602996433334	<geo_obj.Geo instance at 0x7f15b829ce60>	1	0.04	0.00300134	1.04219531	_i1_R1.0_b0.005
62	7.380687137200021	215.57286278071027	2.4983504961272858	0.0002383389544606314	0.75	1.7647731197494163	0.001981286834245848	0.015	0.0	5.054026826464733	1.1714799474100093	0.00016320587057054966	0.32708762771058053	<geo_obj.Geo instance at 0x7f15981fb758>	1	0.04	0.01200538	1.02718859	_i1_R0.75_b0.015
63	7.380687137200021	215.57286278071027	2.4983504961272858	0.00023861826153575362	0.75	1.7647731197494163	0.001981286834245848	0.018	0.0	5.054026826464733	1.1714799474100093	0.0001633971299240825	0.39250515325269664	<geo_obj.Geo instance at 0x7f1546c5a368>	1	0.04	0.01440645	1.0231868	_i1_R0.75_b0.018
64	3.141656823699989	50.878586596750274	0.5236566494580142	0.008732252706035622	0.5	0.5236492881894261	8.829999682086838e-09	0.05	0.0	4.835763636256422	1.2406785275092678	0.01344103206304918	1.0475862708346761	<geo_obj.Geo instance at 0x7f15d88feea8>	12	0.04	0.05999807	0.94720077	_i12_R0.5_b0.05
65	3.141656823699989	50.878586596750274	0.5236566494580142	0.008057481675723786	0.5	0.5236492881894261	8.829999682086838e-09	0.6	0.0	4.835763636256422	1.2406785275092678	0.012402397548112468	12.571035250016111	<geo_obj.Geo instance at 0x7f1565873680>	12	0.04	0.71997688	-0.15276386	_i12_R0.5_b0.6
66	7.068727860199967	50.87858665938653	2.6510117998938076	0.011599483531177433	0.75	1.7673163493580553	8.829999682086828e-09	0.8	0.0	4.835763637824415	1.2406785315224207	0.007935283658808754	17.410124507105955	<geo_obj.Geo instance at 0x7f154d20bb00>	12	0.04	0.63997945	-0.01943482	_i12_R0.75_b0.8
67	0.8036828693999982	98.36970874887902	0.031248128114397075	0.00023227244471950816	0.25	0.06541122578623036	0.0011782407348540221	0.02	0.0	4.950508982790295	1.1856439498553428	0.0014307469622900362	0.39176849152823956	<geo_obj.Geo instance at 0x7f1449de7560>	5	0.04	0.04800945	0.96718181	_i5_R0.25_b0.02
68	7.068727860199967	50.87858665938653	2.6510117998938076	0.005281298919929098	0.75	1.7673163493580553	8.829999682086828e-09	0.65	0.0	4.835763637824415	1.2406785315224207	0.00361297163825911	14.145726162023587	<geo_obj.Geo instance at 0x7f14f655e2d8>	12	0.04	0.5199833	0.18055875	_i12_R0.75_b0.65
69	13.12122158500002	215.57286260104635	7.896021319786214	0.0011904403810476948	1.0	4.183165915855777	0.0019812868342457975	0.1	0.0	5.0540268275385065	1.171479946328968	0.0004585333448890309	2.238120599286667	<geo_obj.Geo instance at 0x7f156c1b6710>	1	0.04	0.06002688	0.94715275	_i1_R1.0_b0.1
70	7.380687137200021	215.57286278071027	2.4983504961272858	0.00024005243349409745	0.75	1.7647731197494163	0.001981286834245848	0.02	0.0	5.054026826464733	1.1714799474100093	0.0001643791988583827	0.43611683694744074	<geo_obj.Geo instance at 0x7f156c1b0f38>	1	0.04	0.01600717	1.02051894	_i1_R0.75_b0.02
71	0.7854142032999979	50.878586425380966	0.03272854015590382	0.00045575398985076406	0.25	0.06545616080489232	8.829999682086838e-09	0.2	0.0	4.835763630870037	1.2406785165400611	0.002806058967974157	3.9130862104462896	<geo_obj.Geo instance at 0x7f14fccc3248>	12	0.04	0.47998458	0.24722328	_i12_R0.25_b0.2
72	52.48488631989996	215.57286268356538	126.33634101717469	0.003863405590248757	2.0	33.46532731463079	0.0019812868342457975	0.175	0.0	5.054026826832838	1.1714799459773644	0.0003720262510819208	4.159312561880627	<geo_obj.Geo instance at 0x7f14eacb3a70>	1	0.04	0.05252352	0.95965835	_i1_R2.0_b0.175
73	12.858926022399974	98.36971128548124	7.999520807875845	0.006121114667817503	1.0	4.186318488389134	0.0011782407348540221	0.0	0.0	4.950508995895457	1.1856439370486302	0.0023565446426203587	0.0	<geo_obj.Geo instance at 0x7f151c4e5ab8>	5	0.04	0.0	1.04719755	_i5_R1.0_b0.0
74	3.141656823699989	50.878586596750274	0.5236566494580142	0.0023493819500035712	0.5	0.5236492881894261	8.829999682086838e-09	0.23	0.0	4.835763636256422	1.2406785275092678	0.0036162625133971007	4.81889684583951	<geo_obj.Geo instance at 0x7f153fe563b0>	12	0.04	0.27599114	0.58721234	_i12_R0.5_b0.23
75	0.7854142032999979	50.878586425380966	0.03272854015590382	0.0034892681210594093	0.25	0.06545616080489232	8.829999682086838e-09	0.35	0.0	4.835763630870037	1.2406785165400611	0.02148328335199253	6.847900868281005	<geo_obj.Geo instance at 0x7f152583d098>	12	0.04	0.83997302	-0.35275743	_i12_R0.25_b0.35
76	0.8200763487000023	215.57286121753677	0.03084383330541549	2.8855909541398846e-05	0.25	0.06536196742095314	0.0019812868342457975	0.001	0.0	5.054026826041281	1.1714799476200881	0.00017783532123958435	0.019608617270184855	<geo_obj.Geo instance at 0x7f15986bf908>	1	0.04	0.00240108	1.04319576	_i1_R0.25_b0.001
77	51.435704058599775	98.36971119106072	127.99233280291708	0.06278313801783747	2.0	33.49054788633787	0.0011782407348540221	1.047	0.0	4.950508994959102	1.1856439368889933	0.00604266034999666	24.86343112826916	<geo_obj.Geo instance at 0x7f154f2fc488>	5	0.04	0.31416182	0.52359454	_i5_R2.0_b1.047
78	12.858926022399974	98.36971128548124	7.999520807875845	0.004185951096712004	1.0	4.186318488389134	0.0011782407348540221	0.06	0.0	4.950508995895457	1.1856439370486302	0.0016115333834686445	1.3416607984416995	<geo_obj.Geo instance at 0x7f150158f8c0>	5	0.04	0.03600709	0.98718574	_i5_R1.0_b0.06
79	50.266509183800146	50.87858662017699	134.05610268135874	0.02281467014944912	2.0	33.513554447184184	8.829999682086838e-09	1.25	0.0	4.835763636404541	1.2406785312462383	0.002194828208218328	29.655392673781023	<geo_obj.Geo instance at 0x7f153ec55d88>	12	0.04	0.37498796	0.42221765	_i12_R2.0_b1.25
80	51.435704058599775	98.36971119106072	127.99233280291708	0.017814500687475903	2.0	33.49054788633787	0.0011782407348540221	0.1	0.0	4.950508994959102	1.1856439368889933	0.0017145842077631584	2.3747307667878856	<geo_obj.Geo instance at 0x7f14e176ccb0>	5	0.04	0.0300059	0.99718771	_i5_R2.0_b0.1
81	50.266509183800146	50.87858662017699	134.05610268135874	0.025164358225120857	2.0	33.513554447184184	8.829999682086838e-09	1.15	0.0	4.835763636404541	1.2406785312462383	0.002420874065345177	27.28296125987854	<geo_obj.Geo instance at 0x7f1556c436c8>	12	0.04	0.34498892	0.47221604	_i12_R2.0_b1.15
82	52.48488631989996	215.57286268356538	126.33634101717469	0.0016942239206824883	2.0	33.46532731463079	0.0019812868342457975	0.045	0.0	5.054026826832838	1.1714799459773644	0.00016314512131361186	1.0695375159121614	<geo_obj.Geo instance at 0x7f1556c44998>	1	0.04	0.01350605	1.02468747	_i1_R2.0_b0.045
83	3.141656823699989	50.878586596750274	0.5236566494580142	0.0016072667020101997	0.5	0.5236492881894261	8.829999682086838e-09	0.38	0.0	4.835763636256422	1.2406785275092678	0.0024739690894032954	7.961655658343537	<geo_obj.Geo instance at 0x7f156c00a878>	12	0.04	0.45598536	0.28722199	_i12_R0.5_b0.38
84	3.141656823699989	50.878586596750274	0.5236566494580142	0.004447002990802371	0.5	0.5236492881894261	8.829999682086838e-09	0.15	0.0	4.835763636256422	1.2406785275092678	0.006845004581983343	3.1427588125040278	<geo_obj.Geo instance at 0x7f151d077170>	12	0.04	0.17999422	0.7472072	_i12_R0.5_b0.15
85	7.233145884599964	98.36971116294048	2.531098376484238	0.0024536048690981683	0.75	1.7661031114913461	0.001178240734854015	0.04	0.0	4.950508995333077	1.1856439358268709	0.0016792960033233588	0.8714259664817335	<geo_obj.Geo instance at 0x7f151d0777a0>	5	0.04	0.0320063	0.99385372	_i5_R0.75_b0.04
86	7.233145884599964	98.36971116294048	2.531098376484238	0.0034431269846653227	0.75	1.7661031114913461	0.001178240734854015	0.0	0.0	4.950508995333077	1.1856439358268709	0.002356544632391641	0.0	<geo_obj.Geo instance at 0x7f15b82aa908>	5	0.04	0.0	1.04719755	_i5_R0.75_b0.0
87	3.280305394899997	215.5728634660135	0.493501332922512	0.00013117469649543017	0.5	0.5228957392905709	0.0019812868342457975	0.025	0.0	5.054026826691843	1.1714799479353966	0.00020210326639153535	0.5248727907833807	<geo_obj.Geo instance at 0x7f15031bad88>	1	0.04	0.03001344	0.99717515	_i1_R0.5_b0.025
88	50.266509183800146	50.87858662017699	134.05610268135874	0.03156244510641683	2.0	33.513554447184184	8.829999682086838e-09	1.01	0.0	4.835763636404541	1.2406785312462383	0.003036385991387163	23.961557280415068	<geo_obj.Geo instance at 0x7f14ba71c998>	12	0.04	0.30299027	0.54221379	_i12_R2.0_b1.01
89	7.068727860199967	50.87858665938653	2.6510117998938076	0.0067439858948978425	0.75	1.7673163493580553	8.829999682086828e-09	0.3	0.0	4.835763637824415	1.2406785315224207	0.004613605504346741	6.528796690164732	<geo_obj.Geo instance at 0x7f147ca7a9e0>	12	0.04	0.23999229	0.64721041	_i12_R0.75_b0.3
90	7.233145884599964	98.36971116294048	2.531098376484238	0.0015088320128908992	0.75	1.7661031114913461	0.001178240734854015	0.13	0.0	4.950508995333077	1.1856439358268709	0.0010326746579473998	2.832134391065634	<geo_obj.Geo instance at 0x7f14d79d4f80>	5	0.04	0.10402047	0.87383011	_i5_R0.75_b0.13
91	3.2147314970999936	98.36971098140731	0.499970047024628	0.0006783784962288179	0.5	0.5232898096642215	0.0011782407348540221	0.08	0.0	4.950508991537333	1.1856439330077642	0.001044665424865459	1.6779775154878156	<geo_obj.Geo instance at 0x7f14d0332dd0>	5	0.04	0.09601889	0.88716607	_i5_R0.5_b0.08
92	12.566627304599944	50.878586650003555	8.378506418389128	0.02543484991686885	1.0	4.189194308781637	8.829999682086838e-09	0.2	0.0	4.835763637513993	1.2406785302266363	0.009787584160198485	4.46760395571865	<geo_obj.Geo instance at 0x7f1467f027e8>	12	0.04	0.11999615	0.84720398	_i12_R1.0_b0.2
93	12.858926022399974	98.36971128548124	7.999520807875845	0.013991882785071137	1.0	4.186318488389134	0.0011782407348540221	0.5	0.0	4.950508995895457	1.1856439370486302	0.005386681708592763	11.18050665368083	<geo_obj.Geo instance at 0x7f147ca80290>	5	0.04	0.30005904	0.54709917	_i5_R1.0_b0.5
94	12.566627304599944	50.878586650003555	8.378506418389128	0.006259616305231319	1.0	4.189194308781637	8.829999682086838e-09	0.75	0.0	4.835763637513993	1.2406785302266363	0.002408762843038015	16.75351483394494	<geo_obj.Geo instance at 0x7f147c90f5a8>	12	0.04	0.44998555	0.29722167	_i12_R1.0_b0.75
95	0.7854142032999979	50.878586425380966	0.03272854015590382	0.002315590677734775	0.25	0.06545616080489232	8.829999682086838e-09	0.02	0.0	4.835763630870037	1.2406785165400611	0.014256998582815872	0.39130862104462893	<geo_obj.Geo instance at 0x7f146c5e3518>	12	0.04	0.04799846	0.96720012	_i12_R0.25_b0.02
96	51.435704058599775	98.36971119106072	127.99233280291708	0.010945857952451428	2.0	33.49054788633787	0.0011782407348540221	0.4	0.0	4.950508994959102	1.1856439368889933	0.0010535010503486156	9.498923067151543	<geo_obj.Geo instance at 0x7f14e2f42b48>	5	0.04	0.12002362	0.8471582	_i5_R2.0_b0.4
97	7.380687137200021	215.57286278071027	2.4983504961272858	0.00026218828827838234	0.75	1.7647731197494163	0.001981286834245848	0.03	0.0	5.054026826464733	1.1714799474100093	0.00017953702926452902	0.6541752554211611	<geo_obj.Geo instance at 0x7f146b6a5908>	1	0.04	0.02401075	1.00717963	_i1_R0.75_b0.03
98	3.280305394899997	215.5728634660135	0.493501332922512	0.00011773549454053597	0.5	0.5228957392905709	0.0019812868342457975	0.001	0.0	5.054026826691843	1.1714799479353966	0.00018139724087483635	0.02099491163133523	<geo_obj.Geo instance at 0x7f146b6b0b00>	1	0.04	0.00120054	1.04519666	_i1_R0.5_b0.001
99	7.233145884599964	98.36971116294048	2.531098376484238	0.0016269150735977768	0.75	1.7661031114913461	0.001178240734854015	0.1	0.0	4.950508995333077	1.1856439358268709	0.001113493054749055	2.178564916204334	<geo_obj.Geo instance at 0x7f1470031320>	5	0.04	0.08001574	0.91383798	_i5_R0.75_b0.1
100	0.8200763487000023	215.57286121753677	0.03084383330541549	2.679375515195836e-05	0.25	0.06536196742095314	0.0019812868342457975	0.007	0.0	5.054026826041281	1.1714799476200881	0.0001651265245279216	0.13726032089129397	<geo_obj.Geo instance at 0x7f144e8f4128>	1	0.04	0.01680753	1.01918501	_i1_R0.25_b0.007
101	7.380687137200021	215.57286278071027	2.4983504961272858	0.00024286767150872993	0.75	1.7647731197494163	0.001981286834245848	0.01	0.0	5.054026826464733	1.1714799474100093	0.00016630697173160514	0.21805841847372037	<geo_obj.Geo instance at 0x7f1479d4eb48>	1	0.04	0.00800358	1.03385824	_i1_R0.75_b0.01
102	0.8200763487000023	215.57286121753677	0.03084383330541549	2.716920668447536e-05	0.25	0.06536196742095314	0.0019812868342457975	0.003	0.0	5.054026826041281	1.1714799476200881	0.00016744038484132687	0.058825851810554566	<geo_obj.Geo instance at 0x7f1479d4ebd8>	1	0.04	0.00720323	1.03519218	_i1_R0.25_b0.003
103	51.435704058599775	98.36971119106072	127.99233280291708	0.03229417912756978	2.0	33.49054788633787	0.0011782407348540221	0.8	0.0	4.950508994959102	1.1856439368889933	0.0031082032837290354	18.997846134303085	<geo_obj.Geo instance at 0x7f14c78865f0>	5	0.04	0.24004723	0.64711884	_i5_R2.0_b0.8
104	12.858926022399974	98.36971128548124	7.999520807875845	0.003716359421107313	1.0	4.186318488389134	0.0011782407348540221	0.08	0.0	4.950508995895457	1.1856439370486302	0.0014307470712658186	1.7888810645889328	<geo_obj.Geo instance at 0x7f14c7886758>	5	0.04	0.04800945	0.96718181	_i5_R1.0_b0.08
105	52.48488631989996	215.57286268356538	126.33634101717469	0.001714844754265771	2.0	33.46532731463079	0.0019812868342457975	0.03	0.0	5.054026826832838	1.1714799459773644	0.00016513080240066513	0.7130250106081076	<geo_obj.Geo instance at 0x7f1497b4dab8>	1	0.04	0.00900403	1.03219083	_i1_R2.0_b0.03
106	50.266509183800146	50.87858662017699	134.05610268135874	0.03098518887422645	2.0	33.513554447184184	8.829999682086838e-09	1.02	0.0	4.835763636404541	1.2406785312462383	0.0029808525011599607	24.198800421805316	<geo_obj.Geo instance at 0x7f14bb27bf38>	12	0.04	0.30599017	0.53721395	_i12_R2.0_b1.02
107	52.48488631989996	215.57286268356538	126.33634101717469	0.0020987951355605945	2.0	33.46532731463079	0.0019812868342457975	0.1	0.0	5.054026826832838	1.1714799459773644	0.00020210326558576657	2.376750035360359	<geo_obj.Geo instance at 0x7f1534170b00>	1	0.04	0.03001344	0.99717515	_i1_R2.0_b0.1
108	7.068727860199967	50.87858665938653	2.6510117998938076	0.0031317698753570993	0.75	1.7673163493580553	8.829999682086828e-09	0.5	0.0	4.835763637824415	1.2406785315224207	0.002142464554415218	10.881327816941221	<geo_obj.Geo instance at 0x7f1495a2b5a8>	12	0.04	0.39998715	0.38055232	_i12_R0.75_b0.5
109	13.12122158500002	215.57286260104635	7.896021319786214	0.0005246987829349867	1.0	4.183165915855777	0.0019812868342457975	0.05	0.0	5.0540268275385065	1.171479946328968	0.0002021032651686769	1.1190602996433334	<geo_obj.Geo instance at 0x7f14d4645b48>	1	0.04	0.03001344	0.99717515	_i1_R1.0_b0.05
110	12.566627304599944	50.878586650003555	8.378506418389128	0.016053354940187368	1.0	4.189194308781637	8.829999682086838e-09	1.0	0.0	4.835763637513993	1.2406785302266363	0.006177491239152734	22.338019778593253	<geo_obj.Geo instance at 0x7f14b0d9ff38>	12	0.04	0.59998073	0.04722971	_i12_R1.0_b1.0
111	7.380687137200021	215.57286278071027	2.4983504961272858	0.0011128066252969646	0.75	1.7647731197494163	0.001981286834245848	0.1	0.0	5.054026826464733	1.1714799474100093	0.0007620096113506523	2.180584184737204	<geo_obj.Geo instance at 0x7f146a2612d8>	1	0.04	0.08003584	0.91380449	_i1_R0.75_b0.1
112	3.280305394899997	215.5728634660135	0.493501332922512	0.00010648902832557827	0.5	0.5228957392905709	0.0019812868342457975	0.013	0.0	5.054026826691843	1.1714799479353966	0.00016406960362366738	0.27293385120735797	<geo_obj.Geo instance at 0x7f148bbf2440>	1	0.04	0.01560699	1.0211859	_i1_R0.5_b0.013
113	50.266509183800146	50.87858662017699	134.05610268135874	0.02951899760612356	2.0	33.513554447184184	8.829999682086838e-09	1.047	0.0	4.835763636404541	1.2406785312462383	0.0028398012419133603	24.839356903558986	<geo_obj.Geo instance at 0x7f14c408abd8>	12	0.04	0.31408991	0.52371438	_i12_R2.0_b1.047
114	50.266509183800146	50.87858662017699	134.05610268135874	0.03913304068601342	2.0	33.513554447184184	8.829999682086838e-09	0.9	0.0	4.835763636404541	1.2406785312462383	0.0037646961805008457	21.351882725122337	<geo_obj.Geo instance at 0x7f14d79c7488>	12	0.04	0.26999133	0.59721202	_i12_R2.0_b0.9
115	0.8200763487000023	215.57286121753677	0.03084383330541549	2.9132031289634927e-05	0.25	0.06536196742095314	0.0019812868342457975	0.01	0.0	5.054026826041281	1.1714799476200881	0.0001795370246542125	0.19608617270184855	<geo_obj.Geo instance at 0x7f14c6833f80>	1	0.04	0.02401075	1.00717963	_i1_R0.25_b0.01
116	0.8036828693999982	98.36970874887902	0.031248128114397075	0.00019426765514123193	0.25	0.06541122578623036	0.0011782407348540221	0.06	0.0	4.950508982790295	1.1856439498553428	0.0011966458518149895	1.1753054745847187	<geo_obj.Geo instance at 0x7f14f94e2488>	5	0.04	0.14402834	0.80715033	_i5_R0.25_b0.06
117	50.266509183800146	50.87858662017699	134.05610268135874	0.022293201795133683	2.0	33.513554447184184	8.829999682086838e-09	1.31	0.0	4.835763636404541	1.2406785312462383	0.002144661651075605	31.078851522122516	<geo_obj.Geo instance at 0x7f1486f45c20>	12	0.04	0.39298738	0.39221861	_i12_R2.0_b1.31
118	12.566627304599944	50.878586650003555	8.378506418389128	0.017788012058304648	1.0	4.189194308781637	8.829999682086838e-09	0.3	0.0	4.835763637513993	1.2406785302266363	0.006845004615018973	6.701405933577976	<geo_obj.Geo instance at 0x7f1455f753f8>	12	0.04	0.17999422	0.7472072	_i12_R1.0_b0.3
119	51.435704058599775	98.36971119106072	127.99233280291708	0.02155304550887992	2.0	33.49054788633787	0.0011782407348540221	0.04	0.0	4.950508994959102	1.1856439368889933	0.0020744062439373473	0.9498923067151541	<geo_obj.Geo instance at 0x7f1487fe2908>	5	0.04	0.01200236	1.02719362	_i5_R2.0_b0.04
120	50.266509183800146	50.87858662017699	134.05610268135874	0.058630370788119175	2.0	33.513554447184184	8.829999682086838e-09	0.7	0.0	4.835763636404541	1.2406785312462383	0.005640387996894663	16.60701989731737	<geo_obj.Geo instance at 0x7f14b963eea8>	12	0.04	0.20999326	0.69720881	_i12_R2.0_b0.7
121	52.48488631989996	215.57286268356538	126.33634101717469	0.0017297679192298369	2.0	33.46532731463079	0.0019812868342457975	0.06	0.0	5.054026826832838	1.1714799459773644	0.00016656782706353545	1.4260500212162153	<geo_obj.Geo instance at 0x7f14b5214a28>	1	0.04	0.01800806	1.01718411	_i1_R2.0_b0.06
122	3.141656823699989	50.878586596750274	0.5236566494580142	0.0017443832231254764	0.5	0.5236492881894261	8.829999682086838e-09	0.27	0.0	4.835763636256422	1.2406785275092678	0.002685024314066038	5.656965862507251	<geo_obj.Geo instance at 0x7f14b52199e0>	12	0.04	0.32398959	0.50721492	_i12_R0.5_b0.27
123	12.858926022399974	98.36971128548124	7.999520807875845	0.005388261392774453	1.0	4.186318488389134	0.0011782407348540221	0.02	0.0	4.950508995895457	1.1856439370486302	0.0020744062490677265	0.4472202661472332	<geo_obj.Geo instance at 0x7f1483530ab8>	5	0.04	0.01200236	1.02719362	_i5_R1.0_b0.02
124	12.566627304599944	50.878586650003555	8.378506418389128	0.01074620604607878	1.0	4.189194308781637	8.829999682086838e-09	0.9	0.0	4.835763637513993	1.2406785302266363	0.004135247364250142	20.104217800733927	<geo_obj.Geo instance at 0x7f144d035d88>	12	0.04	0.53998266	0.14722649	_i12_R1.0_b0.9
125	3.141656823699989	50.878586596750274	0.5236566494580142	0.01156742114382504	0.5	0.5236492881894261	8.829999682086838e-09	0.0	0.0	4.835763636256422	1.2406785275092678	0.017805036536961527	0.0	<geo_obj.Geo instance at 0x7f1470d0f830>	12	0.04	0.0	1.04719755	_i12_R0.5_b0.0
126	52.48488631989996	215.57286268356538	126.33634101717469	0.001759816788810429	2.0	33.46532731463079	0.0019812868342457975	0.02	0.0	5.054026826832838	1.1714799459773644	0.0001694613799246518	0.47535000707207176	<geo_obj.Geo instance at 0x7f14e5f1b830>	1	0.04	0.00600269	1.03719307	_i1_R2.0_b0.02
127	12.858926022399974	98.36971128548124	7.999520807875845	0.002680795803504024	1.0	4.186318488389134	0.0011782407348540221	0.176	0.0	4.950508995895457	1.1856439370486302	0.0010320693748674759	3.935538342095652	<geo_obj.Geo instance at 0x7f145b9759e0>	5	0.04	0.10562078	0.87116292	_i5_R1.0_b0.176
128	7.068727860199967	50.87858665938653	2.6510117998938076	0.021658560435022685	0.75	1.7673163493580553	8.829999682086828e-09	0.05	0.0	4.835763637824415	1.2406785315224207	0.01481676492159402	1.0881327816941222	<geo_obj.Geo instance at 0x7f1452c807e8>	12	0.04	0.03999872	0.98053303	_i12_R0.75_b0.05
129	3.2147314970999936	98.36971098140731	0.499970047024628	0.0007770706468095414	0.5	0.5232898096642215	0.0011782407348540221	0.12	0.0	4.950508991537333	1.1856439330077642	0.00119664588708595	2.516966273231723	<geo_obj.Geo instance at 0x7f14ab34c7a0>	5	0.04	0.14402834	0.80715033	_i5_R0.5_b0.12
130	0.8036828693999982	98.36970874887902	0.031248128114397075	0.00029645180872726624	0.25	0.06541122578623036	0.0011782407348540221	0.01	0.0	4.950508982790295	1.1856439498553428	0.001826077670617033	0.19588424576411978	<geo_obj.Geo instance at 0x7f14ab34cea8>	5	0.04	0.02400472	1.00718968	_i5_R0.25_b0.01
131	12.566627304599944	50.878586650003555	8.378506418389128	0.007292063913351344	1.0	4.189194308781637	8.829999682086838e-09	0.8	0.0	4.835763637513993	1.2406785302266363	0.0028060589894079776	17.8704158228746	<geo_obj.Geo instance at 0x7f1457eef518>	12	0.04	0.47998458	0.24722328	_i12_R1.0_b0.8
132	0.8036828693999982	98.36970874887902	0.031248128114397075	0.0003825696376750738	0.25	0.06541122578623036	0.0011782407348540221	0.0	0.0	4.950508982790295	1.1856439498553428	0.0023565444778824414	0.0	<geo_obj.Geo instance at 0x7f14aa37d050>	5	0.04	0.0	1.04719755	_i5_R0.25_b0.0
133	7.068727860199967	50.87858665938653	2.6510117998938076	0.0069239958114600325	0.75	1.7673163493580553	8.829999682086828e-09	0.7	0.0	4.835763637824415	1.2406785315224207	0.004736751482827602	15.233858943717708	<geo_obj.Geo instance at 0x7f14a0072098>	12	0.04	0.55998202	0.11389423	_i12_R0.75_b0.7
134	52.48488631989996	215.57286268356538	126.33634101717469	0.0018297841727381145	2.0	33.46532731463079	0.0019812868342457975	0.01	0.0	5.054026826832838	1.1714799459773644	0.00017619888209277138	0.23767500353603588	<geo_obj.Geo instance at 0x7f153a177d40>	1	0.04	0.00300134	1.04219531	_i1_R2.0_b0.01
135	51.435704058599775	98.36971119106072	127.99233280291708	0.013022739849025612	2.0	33.49054788633787	0.0011782407348540221	0.5	0.0	4.950508994959102	1.1856439368889933	0.0012533937649257224	11.873653833939427	<geo_obj.Geo instance at 0x7f153a177128>	5	0.04	0.15002952	0.79714836	_i5_R2.0_b0.5
136	7.068727860199967	50.87858665938653	2.6510117998938076	0.0031776496033821843	0.75	1.7673163493580553	8.829999682086828e-09	0.52	0.0	4.835763637824415	1.2406785315224207	0.0021738511808188413	11.31658092961887	<geo_obj.Geo instance at 0x7f157c1076c8>	12	0.04	0.41598664	0.35388651	_i12_R0.75_b0.52
137	7.233145884599964	98.36971116294048	2.531098376484238	0.004541368942276202	0.75	1.7661031114913461	0.001178240734854015	0.3	0.0	4.950508995333077	1.1856439358268709	0.003108203285064531	6.535694748613001	<geo_obj.Geo instance at 0x7f15d906d050>	5	0.04	0.24004723	0.64711884	_i5_R0.75_b0.3
138	3.141656823699989	50.878586596750274	0.5236566494580142	0.0014225288795550878	0.5	0.5236492881894261	8.829999682086838e-09	0.35	0.0	4.835763636256422	1.2406785275092678	0.002189613256095725	7.333103895842732	<geo_obj.Geo instance at 0x7f15b82b2ef0>	12	0.04	0.41998651	0.34722006	_i12_R0.5_b0.35
139	13.12122158500002	215.57286260104635	7.896021319786214	0.00043995419619639403	1.0	4.183165915855777	0.0019812868342457975	0.01	0.0	5.0540268275385065	1.171479946328968	0.00016946137949584147	0.22381205992866668	<geo_obj.Geo instance at 0x7f14df2c1e60>	1	0.04	0.00600269	1.03719307	_i1_R1.0_b0.01
140	0.8200763487000023	215.57286121753677	0.03084383330541549	0.00017537706755211735	0.25	0.06536196742095314	0.0019812868342457975	0.04	0.0	5.054026826041281	1.1714799476200881	0.0010808266882539987	0.7843446908073942	<geo_obj.Geo instance at 0x7f15b82add88>	1	0.04	0.09604301	0.88712588	_i1_R0.25_b0.04
141	12.858926022399974	98.36971128548124	7.999520807875845	0.0033343870434947927	1.0	4.186318488389134	0.0011782407348540221	0.1	0.0	4.950508995895457	1.1856439370486302	0.001283692979169764	2.236101330736166	<geo_obj.Geo instance at 0x7f15d8dddb48>	5	0.04	0.06001181	0.94717787	_i5_R1.0_b0.1
142	50.266509183800146	50.87858662017699	134.05610268135874	0.025038465218453026	2.0	33.513554447184184	8.829999682086838e-09	1.5	0.0	4.835763636404541	1.2406785312462383	0.0024087628439055523	35.58647120853723	<geo_obj.Geo instance at 0x7f153edacdd0>	12	0.04	0.44998555	0.29722167	_i12_R2.0_b1.5
143	3.280305394899997	215.5728634660135	0.493501332922512	0.00011652812860236177	0.5	0.5228957392905709	0.0019812868342457975	0.02	0.0	5.054026826691843	1.1714799479353966	0.00017953702997781026	0.41989823262670456	<geo_obj.Geo instance at 0x7f15389c3a70>	1	0.04	0.02401075	1.00717963	_i1_R0.5_b0.02
144	0.7854142032999979	50.878586425380966	0.03272854015590382	0.0006191976849778036	0.25	0.06545616080489232	8.829999682086838e-09	0.22	0.0	4.835763630870037	1.2406785165400611	0.0038123752190293413	4.304394831490918	<geo_obj.Geo instance at 0x7f1529e7a128>	12	0.04	0.52798304	0.16722585	_i12_R0.25_b0.22
145	52.48488631989996	215.57286268356538	126.33634101717469	0.0016998335951762063	2.0	33.46532731463079	0.0019812868342457975	0.05	0.0	5.054026826832838	1.1714799459773644	0.00016368530435236794	1.1883750176801795	<geo_obj.Geo instance at 0x7f1509c36b90>	1	0.04	0.01500672	1.02218635	_i1_R2.0_b0.05
146	7.068727860199967	50.87858665938653	2.6510117998938076	0.0260266976390894	0.75	1.7673163493580553	8.829999682086828e-09	0.0	0.0	4.835763637824415	1.2406785315224207	0.017805036570215146	0.0	<geo_obj.Geo instance at 0x7f156e5c98c0>	12	0.04	0.0	1.04719755	_i12_R0.75_b0.0
147	7.380687137200021	215.57286278071027	2.4983504961272858	0.0002667638286796633	0.75	1.7647731197494163	0.001981286834245848	0.001	0.0	5.054026826464733	1.1714799474100093	0.00018267019335938591	0.021805841847372037	<geo_obj.Geo instance at 0x7f15389d7950>	1	0.04	0.00080036	1.04586362	_i1_R0.75_b0.001
148	50.266509183800146	50.87858662017699	134.05610268135874	0.022760462149380187	2.0	33.513554447184184	8.829999682086838e-09	1.4	0.0	4.835763636404541	1.2406785312462383	0.0021896132633217754	33.21403979463474	<geo_obj.Geo instance at 0x7f150218be18>	12	0.04	0.41998651	0.34722006	_i12_R2.0_b1.4
149	3.2147314970999936	98.36971098140731	0.499970047024628	0.0013901537779161767	0.5	0.5232898096642215	0.0011782407348540221	0.17	0.0	4.950508991537333	1.1856439330077642	0.002140760055202695	3.565702220411608	<geo_obj.Geo instance at 0x7f15b823cb90>	5	0.04	0.20404015	0.70713065	_i5_R0.5_b0.17
150	0.7854142032999979	50.878586425380966	0.03272854015590382	0.005428435148563894	0.25	0.06545616080489232	8.829999682086838e-09	0.4	0.0	4.835763630870037	1.2406785165400611	0.03342265667423275	7.826172420892579	<geo_obj.Geo instance at 0x7f14e5240290>	12	0.04	0.95996917	-0.552751	_i12_R0.25_b0.4
151	12.566627304599944	50.878586650003555	8.378506418389128	0.0438538679221291	1.0	4.189194308781637	8.829999682086838e-09	0.02	0.0	4.835763637513993	1.2406785302266363	0.016875406162841108	0.4467603955718651	<geo_obj.Geo instance at 0x7f14e52395f0>	12	0.04	0.01199961	1.02719819	_i12_R1.0_b0.02
152	51.435704058599775	98.36971119106072	127.99233280291708	0.024098811863474495	2.0	33.49054788633787	0.0011782407348540221	0.005	0.0	4.950508994959102	1.1856439368889933	0.0023194274693321914	0.11873653833939427	<geo_obj.Geo instance at 0x7f1598363560>	5	0.04	0.0015003	1.04469706	_i5_R2.0_b0.005
153	50.266509183800146	50.87858662017699	134.05610268135874	0.022315753912023863	2.0	33.513554447184184	8.829999682086838e-09	1.35	0.0	4.835763636404541	1.2406785312462383	0.002146831221005013	32.027824087683506	<geo_obj.Geo instance at 0x7f1535838f38>	12	0.04	0.40498699	0.37221926	_i12_R2.0_b1.35
154	0.8036828693999982	98.36970874887902	0.031248128114397075	0.0013791059818881405	0.25	0.06541122578623036	0.0011782407348540221	0.15	0.0	4.950508982790295	1.1856439498553428	0.008494988273986825	2.9382636864617964	<geo_obj.Geo instance at 0x7f153536e170>	5	0.04	0.36007085	0.44707949	_i5_R0.25_b0.15
155	0.8200763487000023	215.57286121753677	0.03084383330541549	2.7887554784788797e-05	0.25	0.06536196742095314	0.0019812868342457975	0.002	0.0	5.054026826041281	1.1714799476200881	0.0001718674733376298	0.03921723454036971	<geo_obj.Geo instance at 0x7f14e805bf38>	1	0.04	0.00480215	1.03919397	_i1_R0.25_b0.002
156	12.566627304599944	50.878586650003555	8.378506418389128	0.005690115539322187	1.0	4.189194308781637	8.829999682086838e-09	0.7	0.0	4.835763637513993	1.2406785302266363	0.0021896132630777913	15.636613845015276	<geo_obj.Geo instance at 0x7f1585030a28>	12	0.04	0.41998651	0.34722006	_i12_R1.0_b0.7
157	50.266509183800146	50.87858662017699	134.05610268135874	0.03215819931307916	2.0	33.513554447184184	8.829999682086838e-09	1.0	0.0	4.835763636404541	1.2406785312462383	0.0030936990329249905	23.72431413902482	<geo_obj.Geo instance at 0x7f15121ac3f8>	12	0.04	0.29999037	0.54721363	_i12_R2.0_b1.0
158	7.068727860199967	50.87858665938653	2.6510117998938076	0.02422406412109395	0.75	1.7673163493580553	8.829999682086828e-09	0.02	0.0	4.835763637824415	1.2406785315224207	0.016571843018129622	0.4352531126776489	<geo_obj.Geo instance at 0x7f14fdbefb00>	12	0.04	0.01599949	1.02053174	_i12_R0.75_b0.02
159	7.233145884599964	98.36971116294048	2.531098376484238	0.009249786449604138	0.75	1.7661031114913461	0.001178240734854015	0.4	0.0	4.950508995333077	1.1856439358268709	0.006330737932601206	8.714259664817336	<geo_obj.Geo instance at 0x7f1564112ea8>	5	0.04	0.32006298	0.51375927	_i5_R0.75_b0.4
160	12.566627304599944	50.878586650003555	8.378506418389128	0.011989308292447166	1.0	4.189194308781637	8.829999682086838e-09	0.4	0.0	4.835763637513993	1.2406785302266363	0.004613605518350867	8.9352079114373	<geo_obj.Geo instance at 0x7f15b82a7f80>	12	0.04	0.23999229	0.64721041	_i12_R1.0_b0.4
161	52.48488631989996	215.57286268356538	126.33634101717469	0.0016948547827979076	2.0	33.46532731463079	0.0019812868342457975	0.04	0.0	5.054026826832838	1.1714799459773644	0.00016320587011729466	0.9507000141441435	<geo_obj.Geo instance at 0x7f153dc88128>	1	0.04	0.01200538	1.02718859	_i1_R2.0_b0.04
162	51.435704058599775	98.36971119106072	127.99233280291708	0.023718657636270988	2.0	33.49054788633787	0.0011782407348540221	0.01	0.0	4.950508994959102	1.1856439368889933	0.002282838936994837	0.23747307667878853	<geo_obj.Geo instance at 0x7f159878ce18>	5	0.04	0.00300059	1.04219657	_i5_R2.0_b0.01
163	3.2147314970999936	98.36971098140731	0.499970047024628	0.0007599916947337716	0.5	0.5232898096642215	0.0011782407348540221	0.06	0.0	4.950508991537333	1.1856439330077642	0.001170345243970528	1.2584831366158615	<geo_obj.Geo instance at 0x7f159878b3f8>	5	0.04	0.07201417	0.92717394	_i5_R0.5_b0.06
164	12.858926022399974	98.36971128548124	7.999520807875845	0.004318966534808552	1.0	4.186318488389134	0.0011782407348540221	0.3	0.0	4.950508995895457	1.1856439370486302	0.001662742490803336	6.7083039922084975	<geo_obj.Geo instance at 0x7f153a321638>	5	0.04	0.18003543	0.74713852	_i5_R1.0_b0.3
165	3.280305394899997	215.5728634660135	0.493501332922512	0.00010592842455513258	0.5	0.5228957392905709	0.0019812868342457975	0.01	0.0	5.054026826691843	1.1714799479353966	0.00016320587108846436	0.20994911631335228	<geo_obj.Geo instance at 0x7f15d906e8c0>	1	0.04	0.01200538	1.02718859	_i1_R0.5_b0.01
166	52.48488631989996	215.57286268356538	126.33634101717469	0.003119988441376379	2.0	33.46532731463079	0.0019812868342457975	0.15	0.0	5.054026826832838	1.1714799459773644	0.00030043897182160554	3.565125053040538	<geo_obj.Geo instance at 0x7f15d8de1710>	1	0.04	0.04502016	0.97216395	_i1_R2.0_b0.15
167	52.48488631989996	215.57286268356538	126.33634101717469	0.0018741452746089417	2.0	33.46532731463079	0.0019812868342457975	0.005	0.0	5.054026826832838	1.1714799459773644	0.00018047062991664002	0.11883750176801794	<geo_obj.Geo instance at 0x7f15d89daa70>	1	0.04	0.00150067	1.04469643	_i1_R2.0_b0.005
168	3.141656823699989	50.878586596750274	0.5236566494580142	0.006358712445924771	0.5	0.5236492881894261	8.829999682086838e-09	0.1	0.0	4.835763636256422	1.2406785275092678	0.00978758411404088	2.0951725416693523	<geo_obj.Geo instance at 0x7f15d8dbab90>	12	0.04	0.11999615	0.84720398	_i12_R0.5_b0.1
169	0.7854142032999979	50.878586425380966	0.03272854015590382	0.0013521115721937369	0.25	0.06545616080489232	8.829999682086838e-09	0.27	0.0	4.835763630870037	1.2406785165400611	0.008324896517303658	5.282666384102491	<geo_obj.Geo instance at 0x7f15379d8290>	12	0.04	0.64797919	-0.03276772	_i12_R0.25_b0.27
170	7.068727860199967	50.87858665938653	2.6510117998938076	0.011324052996367703	0.75	1.7673163493580553	8.829999682086828e-09	0.2	0.0	4.835763637824415	1.2406785315224207	0.007746859802165651	4.352531126776489	<geo_obj.Geo instance at 0x7f150eb74200>	12	0.04	0.15999486	0.78053946	_i12_R0.75_b0.2
171	51.435704058599775	98.36971119106072	127.99233280291708	0.01104939864364358	2.0	33.49054788633787	0.0011782407348540221	0.3	0.0	4.950508994959102	1.1856439368889933	0.001063466484524593	7.124192300363656	<geo_obj.Geo instance at 0x7f14e6661cb0>	5	0.04	0.09001771	0.89716804	_i5_R2.0_b0.3
172	3.280305394899997	215.5728634660135	0.493501332922512	0.0010938603259013791	0.5	0.5228957392905709	0.0019812868342457975	0.1	0.0	5.054026826691843	1.1714799479353966	0.001685330713522785	2.0994911631335227	<geo_obj.Geo instance at 0x7f15098d3a70>	1	0.04	0.12005376	0.84710796	_i1_R0.5_b0.1
173	7.233145884599964	98.36971116294048	2.531098376484238	0.0029978787177621317	0.75	1.7661031114913461	0.001178240734854015	0.25	0.0	4.950508995333077	1.1856439358268709	0.0020518078573248384	5.4464122905108345	<geo_obj.Geo instance at 0x7f1566c37c68>	5	0.04	0.20003936	0.71379863	_i5_R0.75_b0.25
174	3.280305394899997	215.5728634660135	0.493501332922512	0.00021242184196284002	0.5	0.5228957392905709	0.0019812868342457975	0.04	0.0	5.054026826691843	1.1714799479353966	0.00032728223705165654	0.8397964652534091	<geo_obj.Geo instance at 0x7f156439d170>	1	0.04	0.0480215	0.96716171	_i1_R0.5_b0.04
175	3.280305394899997	215.5728634660135	0.493501332922512	0.0001099885499961519	0.5	0.5228957392905709	0.0019812868342457975	0.005	0.0	5.054026826691843	1.1714799479353966	0.00016946138099633722	0.10497455815667614	<geo_obj.Geo instance at 0x7f1585c271b8>	1	0.04	0.00600269	1.03719307	_i1_R0.5_b0.005
176	7.068727860199967	50.87858665938653	2.6510117998938076	0.004101785953818113	0.75	1.7673163493580553	8.829999682086828e-09	0.6	0.0	4.835763637824415	1.2406785315224207	0.002806058990797171	13.057593380329465	<geo_obj.Geo instance at 0x7f1585c27320>	12	0.04	0.47998458	0.24722328	_i12_R0.75_b0.6
177	3.141656823699989	50.878586596750274	0.5236566494580142	0.0026865515037352615	0.5	0.5236492881894261	8.829999682086838e-09	0.45	0.0	4.835763636256422	1.2406785275092678	0.004135247354417475	9.428276437512084	<geo_obj.Geo instance at 0x7f153eda1b48>	12	0.04	0.53998266	0.14722649	_i12_R0.5_b0.45
178	7.068727860199967	50.87858665938653	2.6510117998938076	0.00326213498833324	0.75	1.7673163493580553	8.829999682086828e-09	0.46	0.0	4.835763637824415	1.2406785315224207	0.0022316481933158474	10.010821591585923	<geo_obj.Geo instance at 0x7f15e6028128>	12	0.04	0.36798818	0.43388394	_i12_R0.75_b0.46
179	51.435704058599775	98.36971119106072	127.99233280291708	0.013337548137615915	2.0	33.49054788633787	0.0011782407348540221	0.2	0.0	4.950508994959102	1.1856439368889933	0.0012836929762008017	4.749461533575771	<geo_obj.Geo instance at 0x7f153edb17a0>	5	0.04	0.06001181	0.94717787	_i5_R2.0_b0.2
180	12.858926022399974	98.36971128548124	7.999520807875845	0.0032556849635697097	1.0	4.186318488389134	0.0011782407348540221	0.25	0.0	4.950508995895457	1.1856439370486302	0.001253393764912982	5.590253326840415	<geo_obj.Geo instance at 0x7f1542fe6050>	5	0.04	0.15002952	0.79714836	_i5_R1.0_b0.25
181	3.2147314970999936	98.36971098140731	0.499970047024628	0.002018386189206214	0.5	0.5232898096642215	0.0011782407348540221	0.2	0.0	4.950508991537333	1.1856439330077642	0.0031082032782750115	4.194943788719539	<geo_obj.Geo instance at 0x7f153f0a9050>	5	0.04	0.24004723	0.64711884	_i5_R0.5_b0.2
182	3.141656823699989	50.878586596750274	0.5236566494580142	0.0018230159727885696	0.5	0.5236492881894261	8.829999682086838e-09	0.4	0.0	4.835763636256422	1.2406785275092678	0.0028060589823248757	8.38069016667741	<geo_obj.Geo instance at 0x7f153f0a89e0>	12	0.04	0.47998458	0.24722328	_i12_R0.5_b0.4
183	0.8036828693999982	98.36970874887902	0.031248128114397075	0.0003367663107020274	0.25	0.06541122578623036	0.0011782407348540221	0.005	0.0	4.950508982790295	1.1856439498553428	0.002074406099356306	0.09794212288205989	<geo_obj.Geo instance at 0x7f144a13fa28>	5	0.04	0.01200236	1.02719362	_i5_R0.25_b0.005
184	3.2147314970999936	98.36971098140731	0.499970047024628	0.0006701989532246806	0.5	0.5232898096642215	0.0011782407348540221	0.088	0.0	4.950508991537333	1.1856439330077642	0.0010320693803046064	1.845775267036597	<geo_obj.Geo instance at 0x7f144d1917e8>	5	0.04	0.10562078	0.87116292	_i5_R0.5_b0.088
185	7.233145884599964	98.36971116294048	2.531098376484238	0.0029044665524812145	0.75	1.7661031114913461	0.001178240734854015	0.02	0.0	4.950508995333077	1.1856439358268709	0.0019878747123455156	0.43571298324086677	<geo_obj.Geo instance at 0x7f14cea3df38>	5	0.04	0.01600315	1.02052564	_i5_R0.75_b0.02
186	0.7854142032999979	50.878586425380966	0.03272854015590382	0.0007493317766561158	0.25	0.06545616080489232	8.829999682086838e-09	0.1	0.0	4.835763630870037	1.2406785165400611	0.004613605582613589	1.9565431052231448	<geo_obj.Geo instance at 0x7f14bee502d8>	12	0.04	0.23999229	0.64721041	_i12_R0.25_b0.1
187	51.435704058599775	98.36971119106072	127.99233280291708	0.024484458601578354	2.0	33.49054788633787	0.0011782407348540221	0.0	0.0	4.950508994959102	1.1856439368889933	0.0023565446368873345	0.0	<geo_obj.Geo instance at 0x7f14bee4f6c8>	5	0.04	0.0	1.04719755	_i5_R2.0_b0.0
188	3.280305394899997	215.5728634660135	0.493501332922512	0.00010761501135944453	0.5	0.5228957392905709	0.0019812868342457975	0.007	0.0	5.054026826691843	1.1714799479353966	0.00016580442638389195	0.1469643814193466	<geo_obj.Geo instance at 0x7f14bda6c710>	1	0.04	0.00840376	1.03319128	_i1_R0.5_b0.007
189	51.435704058599775	98.36971119106072	127.99233280291708	0.0229748246077234	2.0	33.49054788633787	0.0011782407348540221	0.02	0.0	4.950508994959102	1.1856439368889933	0.002211247575197256	0.47494615335757706	<geo_obj.Geo instance at 0x7f14b00d6c68>	5	0.04	0.00600118	1.03719558	_i5_R2.0_b0.02
190	50.266509183800146	50.87858662017699	134.05610268135874	0.0855218595176405	2.0	33.513554447184184	8.829999682086838e-09	0.5	0.0	4.835763636404541	1.2406785312462383	0.008227416327258834	11.86215706951241	<geo_obj.Geo instance at 0x7f14833b55f0>	12	0.04	0.14999518	0.79720559	_i12_R2.0_b0.5
191	7.233145884599964	98.36971116294048	2.531098376484238	0.003300225831181895	0.75	1.7661031114913461	0.001178240734854015	0.005	0.0	4.950508995333077	1.1856439358268709	0.002258740238971432	0.10892824581021669	<geo_obj.Geo instance at 0x7f14858e6cb0>	5	0.04	0.00400079	1.04052957	_i5_R0.75_b0.005
192	50.266509183800146	50.87858662017699	134.05610268135874	0.16147433759663657	2.0	33.513554447184184	8.829999682086838e-09	0.1	0.0	4.835763636404541	1.2406785312462383	0.015534234277282536	2.3724314139024822	<geo_obj.Geo instance at 0x7f149a1309e0>	12	0.04	0.02999904	0.99719916	_i12_R2.0_b0.1
193	0.7854142032999979	50.878586425380966	0.03272854015590382	0.0010033346680757829	0.25	0.06545616080489232	8.829999682086838e-09	0.25	0.0	4.835763630870037	1.2406785165400611	0.006177491159551513	4.8913577630578615	<geo_obj.Geo instance at 0x7f14a8d17b48>	12	0.04	0.59998073	0.04722971	_i12_R0.25_b0.25
194	13.12122158500002	215.57286260104635	7.896021319786214	0.0004661125112949282	1.0	4.183165915855777	0.0019812868342457975	0.04	0.0	5.0540268275385065	1.171479946328968	0.00017953702873434922	0.8952482397146667	<geo_obj.Geo instance at 0x7f146c8c6d40>	1	0.04	0.02401075	1.00717963	_i1_R1.0_b0.04
195	12.858926022399974	98.36971128548124	7.999520807875845	0.0027364644913908673	1.0	4.186318488389134	0.0011782407348540221	0.2	0.0	4.950508995895457	1.1856439370486302	0.0010535010511749253	4.472202661472332	<geo_obj.Geo instance at 0x7f14a8d161b8>	5	0.04	0.12002362	0.8471582	_i5_R1.0_b0.2
196	52.48488631989996	215.57286268356538	126.33634101717469	0.0018214319741827348	2.0	33.46532731463079	0.0019812868342457975	0.075	0.0	5.054026826832838	1.1714799459773644	0.00017539460797651177	1.782562526520269	<geo_obj.Geo instance at 0x7f14a4749998>	1	0.04	0.02251008	1.00968075	_i1_R2.0_b0.075
197	12.566627304599944	50.878586650003555	8.378506418389128	0.008039549840084478	1.0	4.189194308781637	8.829999682086838e-09	0.5	0.0	4.835763637513993	1.2406785302266363	0.0030936990360517108	11.169009889296627	<geo_obj.Geo instance at 0x7f146ba7be18>	12	0.04	0.29999037	0.54721363	_i12_R1.0_b0.5
198	12.858926022399974	98.36971128548124	7.999520807875845	0.002762349666781208	1.0	4.186318488389134	0.0011782407348540221	0.15	0.0	4.950508995895457	1.1856439370486302	0.0010634664863447823	3.3541519961042487	<geo_obj.Geo instance at 0x7f14b55e6248>	5	0.04	0.09001771	0.89716804	_i5_R1.0_b0.15
199	3.280305394899997	215.5728634660135	0.493501332922512	0.00010929538935221674	0.5	0.5228957392905709	0.0019812868342457975	0.016	0.0	5.054026826691843	1.1714799479353966	0.00016839341564923814	0.33591858610136366	<geo_obj.Geo instance at 0x7f14b47bde60>	1	0.04	0.0192086	1.01518322	_i1_R0.5_b0.016
200	7.233145884599964	98.36971116294048	2.531098376484238	0.0031628163107754108	0.75	1.7661031114913461	0.001178240734854015	0.01	0.0	4.950508995333077	1.1856439358268709	0.002164694428521927	0.21785649162043338	<geo_obj.Geo instance at 0x7f1476e49a70>	5	0.04	0.00800157	1.03386159	_i5_R0.75_b0.01
201	13.12122158500002	215.57286260104635	7.896021319786214	0.0004249583978427051	1.0	4.183165915855777	0.0019812868342457975	0.025	0.0	5.0540268275385065	1.171479946328968	0.0001636853039460967	0.5595301498216667	<geo_obj.Geo instance at 0x7f14810876c8>	1	0.04	0.01500672	1.02218635	_i1_R1.0_b0.025
202	0.7854142032999979	50.878586425380966	0.03272854015590382	0.0004669714431573729	0.25	0.06545616080489232	8.829999682086838e-09	0.13	0.0	4.835763630870037	1.2406785165400611	0.0028751243763958105	2.543506036790088	<geo_obj.Geo instance at 0x7f1521e3b5a8>	12	0.04	0.31198998	0.52721427	_i12_R0.25_b0.13
203	7.068727860199967	50.87858665938653	2.6510117998938076	0.0033853214225931247	0.75	1.7673163493580553	8.829999682086828e-09	0.55	0.0	4.835763637824415	1.2406785315224207	0.0023159208504683814	11.969460598635344	<geo_obj.Geo instance at 0x7f14cd2323f8>	12	0.04	0.43998587	0.3138878	_i12_R0.75_b0.55
204	0.8200763487000023	215.57286121753677	0.03084383330541549	2.6560214454937637e-05	0.25	0.06536196742095314	0.0019812868342457975	0.0045	0.0	5.054026826041281	1.1714799476200881	0.00016368724274691893	0.08823877771583184	<geo_obj.Geo instance at 0x7f14cd23a248>	1	0.04	0.01080484	1.02918949	_i1_R0.25_b0.0045
205	0.8200763487000023	215.57286121753677	0.03084383330541549	2.6466417950311455e-05	0.25	0.06536196742095314	0.0019812868342457975	0.0055	0.0	5.054026826041281	1.1714799476200881	0.00016310918675088747	0.1078473949860167	<geo_obj.Geo instance at 0x7f1487c0e8c0>	1	0.04	0.01320591	1.0251877	_i1_R0.25_b0.0055
206	7.068727860199967	50.87858665938653	2.6510117998938076	0.017751983883134703	0.75	1.7673163493580553	8.829999682086828e-09	0.1	0.0	4.835763637824415	1.2406785315224207	0.012144249978082958	2.1762655633882444	<geo_obj.Geo instance at 0x7f144d197a70>	12	0.04	0.07999743	0.91386851	_i12_R0.75_b0.1
207	13.12122158500002	215.57286260104635	7.896021319786214	0.00048119004877447	1.0	4.183165915855777	0.0019812868342457975	0.0	0.0	5.0540268275385065	1.171479946328968	0.00018534458852755744	0.0	<geo_obj.Geo instance at 0x7f1543e15d40>	1	0.04	0.0	1.04719755	_i1_R1.0_b0.0
208	3.141656823699989	50.878586596750274	0.5236566494580142	0.0013937405370032145	0.5	0.5236492881894261	8.829999682086838e-09	0.327	0.0	4.835763636256422	1.2406785275092678	0.0021453010896584986	6.851214211258782	<geo_obj.Geo instance at 0x7f1547d56ea8>	12	0.04	0.3923874	0.39321858	_i12_R0.5_b0.327
